13.113
11120,0.000
11121,0.019
11122,0.038
11123,0.056
11124,0.074
11125,0.092
11126,0.109
11127,0.124
11128,0.143
11129,0.158
11130,0.174
11131,0.190
11132,0.206
11133,0.222
11134,0.238
11135,0.253
11136,0.268
11137,0.283
11138,0.298
11139,0.315
11140,0.330
11141,0.344
11142,0.359
11143,0.373
11144,0.388
11145,0.403
11146,0.420
11147,0.438
11148,0.457
11149,0.476
11150,0.496
11151,0.516
11152,0.537
11153,0.557
11154,0.579
11155,0.599
11156,0.620
11157,0.642
11158,0.663
11159,0.685
11160,0.706
11161,0.728
11162,0.748
11163,0.768
11164,0.788
11165,0.808
11166,0.828
11167,0.848
11168,0.867
11169,0.886
11170,0.905
11171,0.924
11172,0.943
11173,0.961
11174,0.980
11175,0.998
11176,1.016
11177,1.034
11178,1.051
11179,1.069
11180,1.087
11181,1.101
11182,1.121
11183,1.138
11184,1.153
11185,1.170
11186,1.186
11187,1.203
11188,1.219
11189,1.236
11190,1.252
11191,1.268
11192,1.284
11193,1.301
11194,1.317
11195,1.333
11196,1.350
11197,1.366
11198,1.382
11199,1.399
11200,1.414
11201,1.431
11202,1.447
11203,1.464
11204,1.480
11205,1.496
11206,1.513
11207,1.529
11208,1.546
11209,1.562
11210,1.578
11211,1.594
11212,1.611
11213,1.627
11214,1.643
11215,1.659
11216,1.676
11217,1.691
11218,1.707
11219,1.723
11220,1.739
11221,1.755
11222,1.771
11223,1.786
11224,1.802
11225,1.817
11226,1.833
11227,1.848
11228,1.863
11229,1.880
11230,1.894
11231,1.910
11232,1.925
11233,1.940
11234,1.955
11235,1.968
11236,1.986
11237,2.001
11238,2.014
11239,2.029
11240,2.044
11241,2.060
11242,2.075
11243,2.090
11244,2.104
11245,2.119
11246,2.134
11247,2.148
11248,2.163
11249,2.179
11250,2.194
11251,2.210
11252,2.226
11253,2.243
11254,2.260
11255,2.277
11256,2.294
11257,2.311
11258,2.329
11259,2.346
11260,2.364
11261,2.382
11262,2.400
11263,2.419
11264,2.438
11265,2.456
11266,2.475
11267,2.493
11268,2.512
11269,2.531
11270,2.550
11271,2.569
11272,2.588
11273,2.606
11274,2.626
11275,2.645
11276,2.664
11277,2.684
11278,2.702
11279,2.721
11280,2.741
11281,2.760
11282,2.780
11283,2.799
11284,2.819
11285,2.838
11286,2.857
11287,2.877
11288,2.893
11289,2.912
11290,2.935
11291,2.951
11292,2.971
11293,2.991
11294,3.010
11295,3.031
11296,3.050
11297,3.070
11298,3.090
11299,3.109
11300,3.129
11301,3.149
11302,3.168
11303,3.188
11304,3.207
11305,3.227
11306,3.247
11307,3.266
11308,3.286
11309,3.305
11310,3.325
11311,3.344
11312,3.364
11313,3.384
11314,3.402
11315,3.422
11316,3.441
11317,3.460
11318,3.478
11319,3.497
11320,3.515
11321,3.534
11322,3.552
11323,3.571
11324,3.590
11325,3.610
11326,3.629
11327,3.648
11328,3.667
11329,3.687
11330,3.707
11331,3.727
11332,3.747
11333,3.767
11334,3.787
11335,3.806
11336,3.826
11337,3.845
11338,3.865
11339,3.885
11340,3.905
11341,3.924
11342,3.941
11343,3.963
11344,3.981
11345,4.000
11346,4.020
11347,4.040
11348,4.059
11349,4.079
11350,4.099
11351,4.117
11352,4.137
11353,4.157
11354,4.176
11355,4.195
11356,4.214
11357,4.233
11358,4.253
11359,4.271
11360,4.291
11361,4.309
11362,4.328
11363,4.347
11364,4.365
11365,4.385
11366,4.402
11367,4.422
11368,4.440
11369,4.458
11370,4.477
11371,4.495
11372,4.513
11373,4.531
11374,4.549
11375,4.568
11376,4.586
11377,4.604
11378,4.623
11379,4.641
11380,4.659
11381,4.677
11382,4.696
11383,4.715
11384,4.732
11385,4.751
11386,4.769
11387,4.788
11388,4.806
11389,4.825
11390,4.844
11391,4.862
11392,4.881
11393,4.899
11394,4.919
11395,4.937
11396,4.956
11397,4.974
11398,4.993
11399,5.008
11400,5.026
11401,5.045
11402,5.063
11403,5.081
11404,5.100
11405,5.118
11406,5.136
11407,5.155
11408,5.173
11409,5.192
11410,5.211
11411,5.229
11412,5.248
11413,5.267
11414,5.285
11415,5.304
11416,5.323
11417,5.342
11418,5.360
11419,5.379
11420,5.398
11421,5.416
11422,5.435
11423,5.455
11424,5.473
11425,5.493
11426,5.512
11427,5.531
11428,5.551
11429,5.570
11430,5.590
11431,5.609
11432,5.628
11433,5.647
11434,5.667
11435,5.686
11436,5.705
11437,5.723
11438,5.742
11439,5.761
11440,5.780
11441,5.798
11442,5.817
11443,5.836
11444,5.853
11445,5.872
11446,5.890
11447,5.908
11448,5.926
11449,5.944
11450,5.962
11451,5.980
11452,5.996
11453,6.016
11454,6.032
11455,6.052
11456,6.069
11457,6.086
11458,6.105
11459,6.123
11460,6.142
11461,6.160
11462,6.178
11463,6.197
11464,6.215
11465,6.234
11466,6.252
11467,6.270
11468,6.289
11469,6.306
11470,6.325
11471,6.344
11472,6.362
11473,6.380
11474,6.399
11475,6.418
11476,6.437
11477,6.456
11478,6.475
11479,6.494
11480,6.513
11481,6.532
11482,6.552
11483,6.571
11484,6.590
11485,6.610
11486,6.629
11487,6.649
11488,6.668
11489,6.688
11490,6.708
11491,6.728
11492,6.748
11493,6.767
11494,6.786
11495,6.806
11496,6.824
11497,6.843
11498,6.862
11499,6.881
11500,6.899
11501,6.918
11502,6.937
11503,6.956
11504,6.974
11505,6.993
11506,7.012
11507,7.027
11508,7.046
11509,7.064
11510,7.082
11511,7.101
11512,7.120
11513,7.138
11514,7.157
11515,7.176
11516,7.195
11517,7.213
11518,7.233
11519,7.251
11520,7.270
11521,7.289
11522,7.307
11523,7.326
11524,7.345
11525,7.364
11526,7.382
11527,7.401
11528,7.420
11529,7.438
11530,7.457
11531,7.475
11532,7.493
11533,7.512
11534,7.530
11535,7.549
11536,7.567
11537,7.585
11538,7.604
11539,7.622
11540,7.641
11541,7.659
11542,7.677
11543,7.696
11544,7.714
11545,7.732
11546,7.751
11547,7.769
11548,7.787
11549,7.805
11550,7.823
11551,7.841
11552,7.858
11553,7.877
11554,7.894
11555,7.912
11556,7.930
11557,7.948
11558,7.966
11559,7.984
11560,8.001
11561,8.017
11562,8.035
11563,8.054
11564,8.072
11565,8.091
11566,8.110
11567,8.129
11568,8.148
11569,8.165
11570,8.185
11571,8.202
11572,8.221
11573,8.239
11574,8.258
11575,8.277
11576,8.295
11577,8.313
11578,8.332
11579,8.350
11580,8.370
11581,8.387
11582,8.406
11583,8.425
11584,8.443
11585,8.462
11586,8.481
11587,8.499
11588,8.517
11589,8.536
11590,8.554
11591,8.573
11592,8.591
11593,8.610
11594,8.628
11595,8.646
11596,8.665
11597,8.683
11598,8.701
11599,8.720
11600,8.738
11601,8.756
11602,8.775
11603,8.793
11604,8.812
11605,8.831
11606,8.849
11607,8.869
11608,8.887
11609,8.906
11610,8.925
11611,8.941
11612,8.963
11613,8.979
11614,8.998
11615,9.016
11616,9.036
11617,9.055
11618,9.073
11619,9.092
11620,9.111
11621,9.130
11622,9.148
11623,9.167
11624,9.186
11625,9.204
11626,9.222
11627,9.240
11628,9.259
11629,9.277
11630,9.295
11631,9.313
11632,9.331
11633,9.349
11634,9.368
11635,9.386
11636,9.405
11637,9.423
11638,9.442
11639,9.460
11640,9.479
11641,9.498
11642,9.517
11643,9.535
11644,9.553
11645,9.572
11646,9.590
11647,9.609
11648,9.628
11649,9.647
11650,9.664
11651,9.683
11652,9.701
11653,9.720
11654,9.738
11655,9.757
11656,9.775
11657,9.794
11658,9.811
11659,9.830
11660,9.848
11661,9.867
11662,9.885
11663,9.904
11664,9.923
11665,9.941
11666,9.959
11667,9.975
11668,9.993
11669,10.011
11670,10.030
11671,10.048
11672,10.068
11673,10.085
11674,10.104
11675,10.122
11676,10.140
11677,10.159
11678,10.177
11679,10.196
11680,10.215
11681,10.233
11682,10.253
11683,10.272
11684,10.290
11685,10.309
11686,10.328
11687,10.346
11688,10.364
11689,10.383
11690,10.401
11691,10.419
11692,10.437
11693,10.456
11694,10.473
11695,10.492
11696,10.509
11697,10.527
11698,10.546
11699,10.563
11700,10.582
11701,10.600
11702,10.618
11703,10.636
11704,10.654
11705,10.672
11706,10.690
11707,10.707
11708,10.725
11709,10.743
11710,10.760
11711,10.778
11712,10.795
11713,10.813
11714,10.831
11715,10.848
11716,10.866
11717,10.883
11718,10.899
11719,10.919
11720,10.936
11721,10.952
11722,10.969
11723,10.986
11724,11.004
11725,11.021
11726,11.039
11727,11.056
11728,11.074
11729,11.092
11730,11.109
11731,11.127
11732,11.144
11733,11.162
11734,11.180
11735,11.197
11736,11.215
11737,11.233
11738,11.251
11739,11.268
11740,11.286
11741,11.304
11742,11.321
11743,11.339
11744,11.356
11745,11.373
11746,11.391
11747,11.409
11748,11.427
11749,11.445
11750,11.463
11751,11.480
11752,11.499
11753,11.517
11754,11.535
11755,11.553
11756,11.571
11757,11.588
11758,11.607
11759,11.624
11760,11.643
11761,11.661
11762,11.679
11763,11.697
11764,11.714
11765,11.734
11766,11.752
11767,11.770
11768,11.789
11769,11.806
11770,11.825
11771,11.843
11772,11.858
11773,11.879
11774,11.897
11775,11.914
11776,11.932
11777,11.948
11778,11.965
11779,11.984
11780,12.001
11781,12.020
11782,12.037
11783,12.055
11784,12.072
11785,12.089
11786,12.107
11787,12.125
11788,12.142
11789,12.160
11790,12.178
11791,12.195
11792,12.213
11793,12.230
11794,12.248
11795,12.266
11796,12.284
11797,12.302
11798,12.320
11799,12.337
11800,12.355
11801,12.372
11802,12.389
11803,12.407
11804,12.424
11805,12.440
11806,12.456
11807,12.473
11808,12.489
11809,12.506
11810,12.523
11811,12.540
11812,12.557
11813,12.573
11814,12.590
11815,12.608
11816,12.625
11817,12.642
11818,12.660
11819,12.677
11820,12.694
11821,12.712
11822,12.729
11823,12.747
11824,12.764
11825,12.781
11826,12.798
11827,12.815
11828,12.832
11829,12.846
11830,12.865
11831,12.880
11832,12.896
11833,12.913
11834,12.930
11835,12.947
11836,12.964
11837,12.982
11838,12.999
11839,13.015
11840,13.032
11841,13.048
11842,13.064
11843,13.079
11844,13.092
11845,13.099
11846,13.136
11847,13.152
11848,13.168
11849,13.184
11850,13.200
11851,13.217
11852,13.233
11853,13.249
11854,13.266
11855,13.283
11856,13.299
11857,13.315
11858,13.332
11859,13.348
11860,13.364
11861,13.380
11862,13.396
11863,13.412
11864,13.428
11865,13.443
11866,13.459
11867,13.475
11868,13.491
11869,13.507
11870,13.523
11871,13.540
11872,13.556
11873,13.572
11874,13.588
11875,13.604
11876,13.622
11877,13.638
11878,13.654
11879,13.671
11880,13.688
11881,13.705
11882,13.722
11883,13.739
11884,13.754
11885,13.773
11886,13.789
11887,13.805
11888,13.822
11889,13.840
11890,13.857
11891,13.875
11892,13.893
11893,13.910
11894,13.927
11895,13.944
11896,13.962
11897,13.979
11898,13.996
11899,14.013
11900,14.029
11901,14.046
11902,14.063
11903,14.079
11904,14.096
11905,14.113
11906,14.130
11907,14.148
11908,14.164
11909,14.181
11910,14.198
11911,14.215
11912,14.232
11913,14.248
11914,14.266
11915,14.283
11916,14.300
11917,14.317
11918,14.333
11919,14.350
11920,14.367
11921,14.384
11922,14.400
11923,14.417
11924,14.433
11925,14.449
11926,14.466
11927,14.482
11928,14.499
11929,14.515
11930,14.531
11931,14.547
11932,14.564
11933,14.580
11934,14.597
11935,14.613
11936,14.627
11937,14.646
11938,14.662
11939,14.676
11940,14.693
11941,14.709
11942,14.726
11943,14.743
11944,14.760
11945,14.777
11946,14.793
11947,14.810
11948,14.827
11949,14.843
11950,14.860
11951,14.878
11952,14.894
11953,14.911
11954,14.928
11955,14.945
11956,14.962
11957,14.979
11958,14.996
11959,15.012
11960,15.029
11961,15.046
11962,15.063
11963,15.080
11964,15.097
11965,15.114
11966,15.131
11967,15.148
11968,15.165
11969,15.182
11970,15.199
11971,15.216
11972,15.232
11973,15.249
11974,15.266
11975,15.283
11976,15.300
11977,15.316
11978,15.334
11979,15.351
11980,15.368
11981,15.385
11982,15.402
11983,15.420
11984,15.437
11985,15.454
11986,15.471
11987,15.488
11988,15.506
11989,15.523
11990,15.539
11991,15.556
11992,15.577
11993,15.592
11994,15.611
11995,15.629
11996,15.647
11997,15.665
11998,15.683
11999,15.700
12000,15.718
12001,15.735
12002,15.752
12003,15.770
12004,15.786
12005,15.804
12006,15.821
12007,15.838
12008,15.857
12009,15.874
12010,15.892
12011,15.909
12012,15.927
12013,15.944
12014,15.962
12015,15.979
12016,15.996
12017,16.014
12018,16.030
12019,16.047
12020,16.064
12021,16.082
12022,16.100
12023,16.117
12024,16.135
12025,16.151
12026,16.169
12027,16.185
12028,16.202
12029,16.219
12030,16.236
12031,16.253
12032,16.270
12033,16.287
12034,16.304
12035,16.321
12036,16.338
12037,16.356
12038,16.373
12039,16.390
12040,16.407
12041,16.424
12042,16.442
12043,16.459
12044,16.476
12045,16.491
12046,16.512
12047,16.526
12048,16.544
12049,16.562
12050,16.579
12051,16.597
12052,16.614
12053,16.632
12054,16.650
12055,16.668
12056,16.685
12057,16.704
12058,16.722
12059,16.740
12060,16.759
12061,16.776
12062,16.795
12063,16.812
12064,16.829
12065,16.846
12066,16.862
12067,16.879
12068,16.895
12069,16.913
12070,16.930
12071,16.946
12072,16.963
12073,16.980
12074,16.997
12075,17.014
12076,17.032
12077,17.049
12078,17.065
12079,17.083
12080,17.100
12081,17.117
12082,17.135
12083,17.151
12084,17.168
12085,17.185
12086,17.201
12087,17.218
12088,17.235
12089,17.253
12090,17.269
12091,17.287
12092,17.305
12093,17.322
12094,17.339
12095,17.356
12096,17.374
12097,17.389
12098,17.406
12099,17.424
12100,17.442
12101,17.459
12102,17.476
12103,17.494
12104,17.511
12105,17.528
12106,17.545
12107,17.562
12108,17.580
12109,17.598
12110,17.615
12111,17.633
12112,17.650
12113,17.667
12114,17.684
12115,17.702
12116,17.719
12117,17.737
12118,17.754
12119,17.771
12120,17.790
12121,17.806
12122,17.824
12123,17.841
12124,17.859
12125,17.877
12126,17.894
12127,17.912
12128,17.929
12129,17.947
12130,17.965
12131,17.983
12132,18.001
12133,18.018
12134,18.036
12135,18.053
12136,18.071
12137,18.088
12138,18.106
12139,18.125
12140,18.142
12141,18.160
12142,18.177
12143,18.194
12144,18.213
12145,18.230
12146,18.248
12147,18.266
12148,18.284
12149,18.302
12150,18.321
12151,18.339
12152,18.355
12153,18.374
12154,18.396
12155,18.411
12156,18.430
12157,18.449
12158,18.468
12159,18.487
12160,18.507
12161,18.525
12162,18.546
12163,18.565
12164,18.585
12165,18.604
12166,18.622
12167,18.642
12168,18.659
12169,18.678
12170,18.696
12171,18.715
12172,18.733
12173,18.750
12174,18.768
12175,18.787
12176,18.804
12177,18.822
12178,18.840
12179,18.858
12180,18.876
12181,18.893
12182,18.910
12183,18.928
12184,18.946
12185,18.963
12186,18.980
12187,18.997
12188,19.015
12189,19.031
12190,19.048
12191,19.066
12192,19.083
12193,19.101
12194,19.117
12195,19.135
12196,19.152
12197,19.169
12198,19.187
12199,19.203
12200,19.221
12201,19.238
12202,19.255
12203,19.272
12204,19.289
12205,19.307
12206,19.322
12207,19.342
12208,19.357
12209,19.374
12210,19.392
12211,19.409
12212,19.427
12213,19.443
12214,19.461
12215,19.478
12216,19.495
12217,19.513
12218,19.530
12219,19.548
12220,19.565
12221,19.583
12222,19.601
12223,19.618
12224,19.636
12225,19.655
12226,19.672
12227,19.691
12228,19.708
12229,19.727
12230,19.744
12231,19.763
12232,19.781
12233,19.799
12234,19.818
12235,19.836
12236,19.854
12237,19.874
12238,19.892
12239,19.911
12240,19.929
12241,19.948
12242,19.967
12243,19.986
12244,20.005
12245,20.024
12246,20.043
12247,20.062
12248,20.081
12249,20.100
12250,20.119
12251,20.138
12252,20.158
12253,20.176
12254,20.196
12255,20.215
12256,20.233
12257,20.252
12258,20.271
12259,20.290
12260,20.308
12261,20.326
12262,20.345
12263,20.360
12264,20.379
12265,20.398
12266,20.416
12267,20.435
12268,20.453
12269,20.472
12270,20.490
12271,20.509
12272,20.527
12273,20.546
12274,20.565
12275,20.583
12276,20.602
12277,20.619
12278,20.638
12279,20.656
12280,20.674
12281,20.691
12282,20.709
12283,20.727
12284,20.744
12285,20.762
12286,20.780
12287,20.798
12288,20.817
12289,20.835
12290,20.853
12291,20.871
12292,20.890
12293,20.907
12294,20.925
12295,20.944
12296,20.961
12297,20.979
12298,20.997
12299,21.015
12300,21.032
12301,21.051
12302,21.068
12303,21.085
12304,21.104
12305,21.121
12306,21.140
12307,21.158
12308,21.176
12309,21.194
12310,21.212
12311,21.230
12312,21.247
12313,21.266
12314,21.284
12315,21.302
12316,21.317
12317,21.335
12318,21.353
12319,21.370
12320,21.388
12321,21.406
12322,21.424
12323,21.442
12324,21.458
12325,21.476
12326,21.494
12327,21.511
12328,21.529
12329,21.547
12330,21.564
12331,21.581
12332,21.599
12333,21.617
12334,21.636
12335,21.652
12336,21.671
12337,21.689
12338,21.706
12339,21.724
12340,21.741
12341,21.759
12342,21.777
12343,21.794
12344,21.812
12345,21.830
12346,21.848
12347,21.866
12348,21.884
12349,21.901
12350,21.919
12351,21.936
12352,21.954
12353,21.971
12354,21.989
12355,22.005
12356,22.023
12357,22.040
12358,22.057
12359,22.074
12360,22.090
12361,22.108
12362,22.125
12363,22.142
12364,22.160
12365,22.176
12366,22.193
12367,22.207
12368,22.227
12369,22.244
12370,22.258
12371,22.276
12372,22.292
12373,22.309
12374,22.327
12375,22.344
12376,22.361
12377,22.379
12378,22.396
12379,22.413
12380,22.431
12381,22.448
12382,22.466
12383,22.483
12384,22.501
12385,22.518
12386,22.537
12387,22.554
12388,22.571
12389,22.588
12390,22.605
12391,22.623
12392,22.640
12393,22.657
12394,22.676
12395,22.693
12396,22.711
12397,22.729
12398,22.747
12399,22.765
12400,22.782
12401,22.802
12402,22.819
12403,22.838
12404,22.855
12405,22.873
12406,22.890
